3333333333333333333333333333333333333333333333333333222222222222222222222222222222222222222222222333
3333333333333333333333333333333333333333333333333333200000000000000000000000000000000000000000002333
3333333333333333333333333333333333333333333333333333200000600060006000600060006000600060000000002333
3333333333333333333333333333333333333333333333333333200000000000000000000000000000000000000000002333
3333333333333333333333333333333333333333333333334444400000600060006000600060006000600060000000002333
3333333333333333333333333333333333333333333333334444400000000000000000000000000000000000000000002333
3333333333333333333333333333333333333333333333334444200000600060006000600060006000600060000000002333
3333333333333333333333333333333333333333333333334444200000000000000000000000000000000000000000002333
3333333333333333333333333333333333333333333333334444200000600060006000600060006000600060000000002333
3333333333333333333333333333333333333333333333334444222222222222222222222222222222222222222222222333
3333333333333333333333333333333333333333333333334444333333333333333333333333333333333333333333333333
2222222222222222222222233333333333333333333333334444333333333333333333333333333333333333333333333333
2000000000000000000000233333333333333333333333334444333333333333333333333333333333333333333333333333
2000060000060000060000244444444444444444444444444444333333333333333333333333333333333333333333333333
2000000000000000000000244444444444444444444444444444333333333333333333333333333333333333333333333333
2000060000060000060000244444444444444444444444444444333222222222222222222222222222222222222222222222
2000000000000000000000244444444444444444444444444444333200000000006000600060006000602000000000000002
2000060000060000060000244442222222222222222222222222222200000000000000000000000000002000600060006002
2000000000000000000000244442000000000000000000000000000200000000006000600060006000602000000000000002
222222222244442000e000244442000000000000000000000000000200000000000000000000000000002000000000000002
2000000002444420000000244442000000600060006000600060000200000000006000600060006000602000600060006002
206006000444442000e000244442000000000000000000000000000200000000000000000000000000002000000000000002
2000000004444422222222244442222222222222244442222222222222222224422222222222222222222000000000000002
200000000244444444444444444444444444444444444444444444444444444444444444444444444444200060006000p002
2000000002444444444444444444444444444444444444444444444444444444444444444444444444444000000000000002
2060060002444444444444444444444444444444444444444444444444444444444444444444444444444000000000000002
2000000002444444444444444444444444444444444444444444444444444444444444444444444444442000600060006002
2000000002444422222222222222444422222224424422222224444222222224422222222222222222222000000000000002
2000000002444420000000000000000020000000020000000024444200000000006000600060000600062000000000000002
2060060002444420000600060006000020000000020000000024444200000000000000000000000000002000600060006002
2000000002444420000000000000000020009009020090090024444200000000006000600060000600062000000000000002
2000000002444420000000000000000020000000020000000024444222222222222222222222222222222222222222222222
2000000002444420000600060006000020009009020090090024444444444444400003353333353333353333353333353333
2000d00002444420000000000000000020000000020000000024444444444444400003353333333333333333333333333333
2000000002444420000000000000000020009009020090090024444444444444400003353333333333333333333333333333
2000000002444420000h000h000h000020000000020000000024444444444444400003353333333333333333333333333333
2222222222444422222222222222444422222222222222222224444222222222200003353333333333333333333333333333
2000000002444440000000000002444400000000020000000024444200000000200003353333333333333333333333333333
20a00a0004444440000000000002444400050005020000000024444200f00f00200003353333333333333333333333333333
2000000004444440000000000004444400000000020000000024444200000000200003333333333333333333333333333333
2000000002444440000000000004444400000000020000000024444200000000200003333333333333333333333333333333
2000000002444420060006000004444400000000020060060024444200000000200003333333333333333333333333333333
20a00a0002444420000000000004444400050005020000000024444200600600200003333333333333333333333333333333
2000000002444420000000000002000000000000020000000024444200000000200003333333333333333333333333333333
2000000002444420000000000002000000000000020060060024444200600600200003333333333333333333333333333333
2000000002444420060006000602000000000000020000000024444200000000200003333333333333333333333333333333
20a00a0002444420000000000002000500050005020000000024444200600600200003333333333333333333333333333333
2000000002444420000000000002000000000000020060060024444200000000200003333333333333333333333333333333
2000000002444420060006000602000000000000020000000024444200600600200003333333333333333333333333333333
2000000002444420000000000002000000000000020000000024444200000000200003333333333333333333333333333333
20a00a0002444420000000000002000500050005020060060024444200600600200003333333333333333333333333333333
2000000002444420000000000002000000000000020000000044444400000000200003333333333333333333333333333333
2000000002444420060006000602000000000000020000000044444400000000200003333333333333333333333333333333
2222222222444420000000000002000000000000022222222224444222222222200003333333333333333333333333333333
2000000004444420000000000002000500050005020090090024444400000000200003333333333333333333333333333333
2000000004444420000000000002000000000000020000000024444400000000200003333333333333333333333333333333
2900000002444420060006000602000000000000020090090024444200600600200003333333333333333333333333333333
2000000002444420000000000002000000000000020000000024444200000000200003333333333333333333333333333333
2900000002444420000000000002000500050005020090090024444200600600200003333333333333333333333333333333
2000000002444420000000000002000000000000020000000044444200000000200003333333333333333333333333333333
2000000002444420060006000602000000000000020000000044444200600600200003333333333333333333333333333333
2000000002444420000000000002000000000000020000000024444200000000200003333333333333333333333333333333
2000222222444420000000000002000500050005022222222224444200600600200003333333333333333333333333333333
2000200002444420000000000002000000000000020000000024444200000000200003333333333333333333333333333333
2000290004444420060006000602000000050000020000000044444200600600200003333333333333333333333333333333
2000200004444420000000000002000500050005020000000044444200000000200003333333333333333333333333333333
2000290002444422222222244442222222222222220090090024444200600600200003333333333333333333333333333333
2000200002444444444444444444444444420000020000000024444200000000200003333333333333333333333333333333
2000200002444444444444444444444444420000020090090024444200000000200003333333333333333333333333333333
2000200002444444444444444444444444420000020000000024444200000000200003333333333333333333333333333333
2000200002444444444444444444444444420000020090090024444200000000200003333333333333333333333333333333
2000200002222222222244442222222444424444422222222224444222222222200003333333333333333333333333333333
288888888c88888888c888882000002444444444444444444444444444444444400003333333333333333333333333333333
2888888888888888888888882000002444444444444444444444444444444444400003333333333333333333333333333333
2888888888888888888888882000002444444444444444444444444444444444400003333333333333333333333333333333
2888888888888888888888882000002444444444444444444444444444444444400003333333333333333333333333333333
2888888888888888888888882000002222244444244442222222222222222222200003333333333333333333333333333333
2888888888888888888888882000002333300000200000000000000000000000200003333333333333333333333333333333
2888888888888888888888882000002333300000200000000000000000000000200003333333333333333333333333333333
2888888888888888888888882000002333300000200006000600060006000600200003333333333333333333333333333333
2888888888888888888888880000002353300000200000000000000000000000200003333333333333333333333333333333
2888888888888888888888880000002333300000200000000000000000000000200003333333333333333333333333333333
2c888888888888888888888c0000002333300000200006000600060006000600200003333333333333333333333333333333
2b88888888888888888888880000002333300000200000000000000000000000200003333333333333333333333333333333
2888888888888888888888882000002353300000200000000000000000000000200003333333333333333333333333333333
2888888888888888888888882000002333300000200006000600060006000600200003333333333333333333333333333333
2888888888888888888888882000002333300000200000000000000000000000200003333333333333333333333333333333
2888888888888888888888882000002333300000200000000000000000000000200003333333333333333333333333333333
288888888c88888888c88888200000235330000020000g000g000g000g000g00200003333333333333333333333333333333
2222222222222222222222222222222333300000222222222222222222222222200003333333333333333333333333333333
3333333333333333333333333333333333300000000000000000000000000000000003333333333333333333333333333333
3333533335333353333533335333353333300000000000000000000000000000000003333333333333333333333333333333
3333333333333333333333333333333333300000000000000000000000000000000003333333333333333333333333333333
3333533335333353333533335333353333300000000000000000000000000000000003333333333333333333333333333333
